40
40
0 5 0 6 0 5 0 6 0 5 0 6 0 5 0 6 0 5 0 6 0 5 0 6 0 5 0 6 0 5 0 6 0 5 0 6 0 5 0 6 0 5 0 6 0 5 0 6 0 5 0 6 0 5 0 6 0 5 0 6 0 5 0 6 0 5 0 6 0 5 0 6 0 5 0 6 0 5 0 6 
1 5 1 6 1 5 1 6 1 5 1 6 1 5 1 6 1 5 1 6 1 5 1 6 1 5 1 6 1 5 1 6 1 5 1 6 1 5 1 6 1 5 1 6 1 5 1 6 1 5 1 6 1 5 1 6 1 5 1 6 1 5 1 6 1 5 1 6 1 5 1 6 1 5 1 6 1 5 1 6 
0 5 0 6 0 5 0 6 0 5 0 6 0 5 0 6 0 5 0 6 0 5 0 6 0 5 0 6 0 5 0 6 0 5 0 6 0 5 0 6 0 5 0 6 0 5 0 6 0 5 0 6 0 5 0 6 0 5 0 6 0 5 0 6 0 5 0 6 0 5 0 6 0 5 0 6 0 5 0 6 
1 5 1 6 1 5 1 6 1 5 1 6 1 5 1 6 1 5 1 6 1 5 1 6 1 5 1 6 1 5 1 6 1 5 1 6 1 5 1 6 1 5 1 6 1 5 1 6 1 5 1 6 1 5 1 6 1 5 1 6 1 5 1 6 1 5 1 6 1 5 1 6 1 5 1 6 1 5 1 6 
0 5 0 6 0 5 0 6 0 5 0 6 0 5 0 6 0 5 0 6 0 5 0 6 0 5 0 6 0 5 0 6 0 5 0 6 0 5 0 6 0 5 0 6 0 5 0 6 0 5 0 6 0 5 0 6 0 5 0 6 0 5 0 6 0 5 0 6 0 5 0 6 0 5 0 6 0 5 0 6 
1 5 1 6 1 5 1 6 1 5 1 6 1 5 1 6 1 5 1 6 1 5 1 6 1 5 1 6 1 5 1 6 1 5 1 6 1 5 1 6 1 5 1 6 1 5 1 6 1 5 1 6 1 5 1 6 1 5 1 6 1 5 1 6 1 5 1 6 1 5 1 6 1 5 1 6 1 5 1 6 
0 5 0 6 0 5 0 6 0 5 0 6 0 5 0 6 0 5 0 6 0 5 0 6 0 5 0 6 0 5 0 6 0 5 0 6 0 5 0 6 0 5 0 6 0 5 0 6 0 5 0 6 0 5 0 6 0 5 0 6 0 5 0 6 0 5 0 6 0 5 0 6 0 5 0 6 0 5 0 6 
1 5 1 6 1 5 1 6 1 5 1 6 1 5 1 6 1 5 1 6 1 5 1 6 1 5 1 6 1 5 1 6 1 5 1 6 1 5 1 6 1 5 1 6 1 5 1 6 1 5 1 6 1 5 1 6 1 5 1 6 1 5 1 6 1 5 1 6 1 5 1 6 1 5 1 6 1 5 1 6 
0 5 0 6 0 5 0 6 0 5 0 6 0 5 0 6 0 5 0 6 0 5 0 6 0 5 0 6 0 5 0 6 0 5 0 6 0 5 0 6 0 5 0 6 0 5 0 6 0 5 0 6 0 5 0 6 0 5 0 6 0 5 0 6 0 5 0 6 0 5 0 6 0 5 0 6 0 5 0 6 
1 5 1 6 1 5 1 6 1 5 1 6 1 5 1 6 1 5 1 6 1 5 1 6 1 5 1 6 1 5 1 6 1 5 1 6 1 5 1 6 1 5 1 6 1 5 1 6 1 5 1 6 1 5 1 6 1 5 1 6 1 5 1 6 1 5 1 6 1 5 1 6 1 5 1 6 1 5 1 6 
0 5 0 6 0 5 0 6 0 5 0 6 0 5 0 6 0 5 0 6 0 5 0 6 0 5 0 6 0 5 0 6 0 5 0 6 0 5 0 6 0 5 0 6 0 5 0 6 0 5 0 6 0 5 0 6 0 5 0 6 0 5 0 6 0 5 0 6 0 5 0 6 0 5 0 6 0 5 0 6 
1 5 1 6 1 5 1 6 1 5 1 6 1 5 1 6 1 5 1 6 1 5 1 6 1 5 1 6 1 5 1 6 1 5 1 6 1 5 1 6 1 5 1 6 1 5 1 6 1 5 1 6 1 5 1 6 1 5 1 6 1 5 1 6 1 5 1 6 1 5 1 6 1 5 1 6 1 5 1 6 
0 5 0 6 0 5 0 6 0 5 0 6 0 5 0 6 0 5 0 6 0 5 0 6 0 5 0 6 0 5 0 6 0 5 0 6 0 5 0 6 0 5 0 6 0 5 0 6 0 5 0 6 0 5 0 6 0 5 0 6 0 5 0 6 0 5 0 6 0 5 0 6 0 5 0 6 0 5 0 6 
1 5 1 6 1 5 1 6 1 5 1 6 1 5 1 6 1 5 1 6 1 5 1 6 1 5 1 6 1 5 1 6 1 5 1 6 1 5 1 6 1 5 1 6 1 5 1 6 1 5 1 6 1 5 1 6 1 5 1 6 1 5 1 6 1 5 1 6 1 5 1 6 1 5 1 6 1 5 1 6 
0 5 0 6 0 5 0 6 0 5 0 6 0 5 0 6 0 5 0 6 0 5 0 6 0 5 0 6 0 5 0 6 0 5 0 6 0 5 0 6 0 5 0 6 0 5 0 6 0 5 0 6 0 5 0 6 0 5 0 6 0 5 0 6 0 5 0 6 0 5 0 6 0 5 0 6 0 5 0 6 
1 5 1 6 1 5 1 6 1 5 1 6 1 5 1 6 1 5 1 6 1 5 1 6 1 5 1 6 1 5 1 6 1 5 1 6 1 5 1 6 1 5 1 6 1 5 1 6 1 5 1 6 1 5 1 6 1 5 1 6 1 5 1 6 1 5 1 6 1 5 1 6 1 5 1 6 1 5 1 6 
0 5 0 6 0 5 0 6 0 5 0 6 0 5 0 6 0 5 0 6 0 5 0 6 0 5 0 6 0 5 0 6 0 5 0 6 0 5 0 6 0 5 0 6 0 5 0 6 0 5 0 6 0 5 0 6 0 5 0 6 0 5 0 6 0 5 0 6 0 5 0 6 0 5 0 6 0 5 0 6 
1 5 1 6 1 5 1 6 1 5 1 6 1 5 1 6 1 5 1 6 1 5 1 6 1 5 1 6 1 5 1 6 1 5 1 6 1 5 1 6 1 5 1 6 1 5 1 6 1 5 1 6 1 5 1 6 1 5 1 6 1 5 1 6 1 5 1 6 1 5 1 6 1 5 1 6 1 5 1 6 
0 5 0 6 0 5 0 6 0 5 0 6 0 5 0 6 0 5 0 6 0 5 0 6 0 5 0 6 0 5 0 6 0 5 0 6 0 5 0 6 0 5 0 6 0 5 0 6 0 5 0 6 0 5 0 6 0 5 0 6 0 5 0 6 0 5 0 6 0 5 0 6 0 5 0 6 0 5 0 6 
1 5 1 6 1 5 1 6 1 5 1 6 1 5 1 6 1 5 1 6 1 5 1 6 1 5 1 6 1 5 1 6 1 5 1 6 1 5 1 6 1 5 1 6 1 5 1 6 1 5 1 6 1 5 1 6 1 5 1 6 1 5 1 6 1 5 1 6 1 5 1 6 1 5 1 6 1 5 1 6 
0 5 0 6 0 5 0 6 0 5 0 6 0 5 0 6 0 5 0 6 0 5 0 6 0 5 0 6 0 5 0 6 0 5 0 6 0 5 0 6 0 5 0 6 0 5 0 6 0 5 0 6 0 5 0 6 0 5 0 6 0 5 0 6 0 5 0 6 0 5 0 6 0 5 0 6 0 5 0 6 
1 5 1 6 1 5 1 6 1 5 1 6 1 5 1 6 1 5 1 6 1 5 1 6 1 5 1 6 1 5 1 6 1 5 1 6 1 5 1 6 1 5 1 6 1 5 1 6 1 5 1 6 1 5 1 6 1 5 1 6 1 5 1 6 1 5 1 6 1 5 1 6 1 5 1 6 1 5 1 6 
0 5 0 6 0 5 0 6 0 5 0 6 0 5 0 6 0 5 0 6 0 5 0 6 0 5 0 6 0 5 0 6 0 5 0 6 0 5 0 6 0 5 0 6 0 5 0 6 0 5 0 6 0 5 0 6 0 5 0 6 0 5 0 6 0 5 0 6 0 5 0 6 0 5 0 6 0 5 0 6 
1 5 1 6 1 5 1 6 1 5 1 6 1 5 1 6 1 5 1 6 1 5 1 6 1 5 1 6 1 5 1 6 1 5 1 6 1 5 1 6 1 5 1 6 1 5 1 6 1 5 1 6 1 5 1 6 1 5 1 6 1 5 1 6 1 5 1 6 1 5 1 6 1 5 1 6 1 5 1 6 
0 5 0 6 0 5 0 6 0 5 0 6 0 5 0 6 0 5 0 6 0 5 0 6 0 5 0 6 0 5 0 6 0 5 0 6 0 5 0 6 0 5 0 6 0 5 0 6 0 5 0 6 0 5 0 6 0 5 0 6 0 5 0 6 0 5 0 6 0 5 0 6 0 5 0 6 0 5 0 6 
1 5 1 6 1 5 1 6 1 5 1 6 1 5 1 6 1 5 1 6 1 5 1 6 1 5 1 6 1 5 1 6 1 5 1 6 1 5 1 6 1 5 1 6 1 5 1 6 1 5 1 6 1 5 1 6 1 5 1 6 1 5 1 6 1 5 1 6 1 5 1 6 1 5 1 6 1 5 1 6 
0 5 0 6 0 5 0 6 0 5 0 6 0 5 0 6 0 5 0 6 0 5 0 6 0 5 0 6 0 5 0 6 0 5 0 6 0 5 0 6 0 5 0 6 0 5 0 6 0 5 0 6 0 5 0 6 0 5 0 6 0 5 0 6 0 5 0 6 0 5 0 6 0 5 0 6 0 5 0 6 
1 5 1 6 1 5 1 6 1 5 1 6 1 5 1 6 1 5 1 6 1 5 1 6 1 5 1 6 1 5 1 6 1 5 1 6 1 5 1 6 1 5 1 6 1 5 1 6 1 5 1 6 1 5 1 6 1 5 1 6 1 5 1 6 1 5 1 6 1 5 1 6 1 5 1 6 1 5 1 6 
0 5 0 6 0 5 0 6 0 5 0 6 0 5 0 6 0 5 0 6 0 5 0 6 0 5 0 6 0 5 0 6 0 5 0 6 0 5 0 6 0 5 0 6 0 5 0 6 0 5 0 6 0 5 0 6 0 5 0 6 0 5 0 6 0 5 0 6 0 5 0 6 0 5 0 6 0 5 0 6 
1 5 1 6 1 5 1 6 1 5 1 6 1 5 1 6 1 5 1 6 1 5 1 6 1 5 1 6 1 5 1 6 1 5 1 6 1 5 1 6 1 5 1 6 1 5 1 6 1 5 1 6 1 5 1 6 1 5 1 6 1 5 1 6 1 5 1 6 1 5 1 6 1 5 1 6 1 5 1 6 
0 5 0 6 0 5 0 6 0 5 0 6 0 5 0 6 0 5 0 6 0 5 0 6 0 5 0 6 0 5 0 6 0 5 0 6 0 5 0 6 0 5 0 6 0 5 0 6 0 5 0 6 0 5 0 6 0 5 0 6 0 5 0 6 0 5 0 6 0 5 0 6 0 5 0 6 0 5 0 6 
1 5 1 6 1 5 1 6 1 5 1 6 1 5 1 6 1 5 1 6 1 5 1 6 1 5 1 6 1 5 1 6 1 5 1 6 1 5 1 6 1 5 1 6 1 5 1 6 1 5 1 6 1 5 1 6 1 5 1 6 1 5 1 6 1 5 1 6 1 5 1 6 1 5 1 6 1 5 1 6 
0 5 0 6 0 5 0 6 0 5 0 6 0 5 0 6 0 5 0 6 0 5 0 6 0 5 0 6 0 5 0 6 0 5 0 6 0 5 0 6 0 5 0 6 0 5 0 6 0 5 0 6 0 5 0 6 0 5 0 6 0 5 0 6 0 5 0 6 0 5 0 6 0 5 0 6 0 5 0 6 
1 5 1 6 1 5 1 6 1 5 1 6 1 5 1 6 1 5 1 6 1 5 1 6 1 5 1 6 1 5 1 6 1 5 1 6 1 5 1 6 1 5 1 6 1 5 1 6 1 5 1 6 1 5 1 6 1 5 1 6 1 5 1 6 1 5 1 6 1 5 1 6 1 5 1 6 1 5 1 6 
0 5 0 6 0 5 0 6 0 5 0 6 0 5 0 6 0 5 0 6 0 5 0 6 0 5 0 6 0 5 0 6 0 5 0 6 0 5 0 6 0 5 0 6 0 5 0 6 0 5 0 6 0 5 0 6 0 5 0 6 0 5 0 6 0 5 0 6 0 5 0 6 0 5 0 6 0 5 0 6 
1 5 1 6 1 5 1 6 1 5 1 6 1 5 1 6 1 5 1 6 1 5 1 6 1 5 1 6 1 5 1 6 1 5 1 6 1 5 1 6 1 5 1 6 1 5 1 6 1 5 1 6 1 5 1 6 1 5 1 6 1 5 1 6 1 5 1 6 1 5 1 6 1 5 1 6 1 5 1 6 
0 5 0 6 0 5 0 6 0 5 0 6 0 5 0 6 0 5 0 6 0 5 0 6 0 5 0 6 0 5 0 6 0 5 0 6 0 5 0 6 0 5 0 6 0 5 0 6 0 5 0 6 0 5 0 6 0 5 0 6 0 5 0 6 0 5 0 6 0 5 0 6 0 5 0 6 0 5 0 6 
1 5 1 6 1 5 1 6 1 5 1 6 1 5 1 6 1 5 1 6 1 5 1 6 1 5 1 6 1 5 1 6 1 5 1 6 1 5 1 6 1 5 1 6 1 5 1 6 1 5 1 6 1 5 1 6 1 5 1 6 1 5 1 6 1 5 1 6 1 5 1 6 1 5 1 6 1 5 1 6 
0 5 0 6 0 5 0 6 0 5 0 6 0 5 0 6 0 5 0 6 0 5 0 6 0 5 0 6 0 5 0 6 0 5 0 6 0 5 0 6 0 5 0 6 0 5 0 6 0 5 0 6 0 5 0 6 0 5 0 6 0 5 0 6 0 5 0 6 0 5 0 6 0 5 0 6 0 5 0 6 
1 5 1 6 1 5 1 6 1 5 1 6 1 5 1 6 1 5 1 6 1 5 1 6 1 5 1 6 1 5 1 6 1 5 1 6 1 5 1 6 1 5 1 6 1 5 1 6 1 5 1 6 1 5 1 6 1 5 1 6 1 5 1 6 1 5 1 6 1 5 1 6 1 5 1 6 1 5 1 6 
